mass = 1; % kg
Inertia = [(mass/12)*(0.1^2 + 0.1^2) 0       0        ;
           0       (mass/12)*(0.1^2 + 0.1^2) 0        ;
           0       0       (mass/12)*(0.1^2 + 0.1^2) ];