n = 10000;
A = 2.5e-3;