n = 1000;
A = 0.2;